217
232
129
199
252
149
4
48
96
78
87
247
146
33
244
140
79
7
84
181
165
172
73
64
232
50
148
220
108
229
133
94
242
144
166
162
70
100
157
100
129
208
135
201
168
231
199
179
86
59
249
193
46
255
239
80
126
245
186
84
148
10
75
108
16
178
159
162
82
12
212
106
205
99
143
16
133
171
118
203
168
55
192
19
179
76
100
5
217
234
206
25
75
246
75
200
179
86
224
39
116
152
144
129
130
206
145
12
175
93
244
107
150
192
101
3
108
198
228
210
63
235
173
23
193
46
70
51
217
232
129
199
252
149
4
48
96
78
87
247
146
33
244
140
79
7
84
181
165
172
73
64
232
50
148
220
108
229
133
94
242
144
166
162
70
100
157
100
129
208
135
201
168
231
199
179
86
59
249
193
46
255
239
80
126
245
186
84
148
10
75
108
16
178
159
162
82
12
212
106
205
99
143
16
133
171
118
203
168
55
192
19
179
76
100
5
217
234
206
25
75
246
75
200
179
86
224
39
116
152
144
129
130
206
145
12
175
93
244
107
150
192
101
3
108
198
228
210
63
235
173
23
193
46
70
51
232
180
199
41
149
172
48
175
78
19
247
227
33
9
140
69
7
221
181
90
172
18
64
40
50
10
220
213
229
185
94
172
144
176
162
165
100
154
100
50
208
2
201
32
231
133
179
196
59
33
193
99
255
150
80
39
245
151
84
168
10
75
108
231
178
10
162
84
12
115
106
101
99
55
16
122
171
244
203
184
55
182
19
66
76
53
5
246
234
125
25
88
246
111
200
220
86
53
39
184
152
4
129
214
206
201
12
137
93
126
107
191
192
205
3
91
198
116
210
128
235
80
23
47
46
149
51
41
232
180
199
41
149
172
48
175
78
19
247
227
33
9
140
69
7
221
181
90
172
18
64
40
50
10
220
213
229
185
94
172
144
176
162
165
100
154
100
50
208
2
201
32
231
133
179
196
59
33
193
99
255
150
80
39
245
151
84
168
10
75
108
231
178
10
162
84
12
115
106
101
99
55
16
122
171
244
203
184
55
182
19
66
76
53
5
246
234
125
25
88
246
111
200
220
86
53
39
184
152
4
129
214
206
201
12
137
93
126
107
191
192
205
3
91
198
116
210
128
235
80
23
47
46
149
51
41
180
241
41
231
172
63
175
130
19
247
227
148
9
63
69
93
221
8
90
200
18
155
40
3
10
202
213
168
185
243
172
215
176
195
165
46
154
150
50
25
2
130
32
201
133
26
196
60
33
31
99
194
150
190
39
51
151
249
168
188
75
55
231
250
10
121
84
41
115
36
101
167
55
68
122
108
244
179
184
66
182
242
66
105
53
212
246
100
125
48
88
12
111
227
220
72
53
240
184
0
4
155
214
238
201
204
137
34
126
25
191
150
205
26
91
248
116
151
128
189
80
48
47
126
149
96
41
37
180
241
41
231
172
63
175
130
19
247
227
148
9
63
69
93
221
8
90
200
18
155
40
3
10
202
213
168
185
243
172
215
176
195
165
46
154
150
50
25
2
130
32
201
133
26
196
60
33
31
99
194
150
190
39
51
151
249
168
188
75
55
231
250
10
121
84
41
115
36
101
167
55
68
122
108
244
179
184
66
182
242
66
105
53
212
246
100
125
48
88
12
111
227
220
72
53
240
184
0
4
155
214
238
201
204
137
34
126
25
191
150
205
26
91
248
116
151
128
189
80
48
47
126
149
96
41
37
241
188
231
46
63
239
130
237
247
95
148
41
63
199
93
168
8
58
200
91
155
249
3
213
202
201
168
218
243
245
215
238
195
170
46
223
150
91
25
236
130
58
201
86
26
9
60
67
31
205
194
171
190
228
51
64
249
254
188
88
55
0
250
119
121
146
41
115
36
196
167
34
68
70
108
35
179
32
66
118
242
67
105
225
212
152
100
252
48
150
12
240
227
175
72
245
240
83
0
23
155
138
238
56
204
174
34
222
25
160
150
7
26
19
248
155
151
117
189
141
48
140
126
183
96
198
37
155
241
188
231
46
63
239
130
237
247
95
148
41
63
199
93
168
8
58
200
91
155
249
3
213
202
201
168
218
243
245
215
238
195
170
46
223
150
91
25
236
130
58
201
86
26
9
60
67
31
205
194
171
190
228
51
64
249
254
188
88
55
0
250
119
121
146
41
115
36
196
167
34
68
70
108
35
179
32
66
118
242
67
105
225
212
152
100
252
48
150
12
240
227
175
72
245
240
83
0
23
155
138
238
56
204
174
34
222
25
160
150
7
26
19
248
155
151
117
189
141
48
140
126
183
96
198
37
155
188
163
46
228
239
0
237
228
95
226
41
53
199
3
168
24
58
7
91
163
249
195
213
242
201
211
218
67
245
24
238
143
170
176
223
4
91
17
236
180
58
74
86
115
9
20
67
44
205
191
171
255
228
111
64
140
254
11
88
167
0
129
119
47
146
148
115
76
196
232
34
115
70
183
35
172
32
86
118
213
67
90
225
102
152
255
252
33
150
64
240
110
175
32
245
189
83
121
23
166
138
81
56
190
174
171
222
47
160
223
7
52
19
60
155
52
117
145
141
167
140
228
183
213
198
161
155
150
188
163
46
228
239
0
237
228
95
226
41
53
199
3
168
24
58
7
91
163
249
195
213
242
201
211
218
67
245
24
238
143
170
176
223
4
91
17
236
180
58
74
86
115
9
20
67
44
205
191
171
255
228
111
64
140
254
11
88
167
0
129
119
47
146
148
115
76
196
232
34
115
70
183
35
172
32
86
118
213
67
90
225
102
152
255
252
33
150
64
240
110
175
32
245
189
83
121
23
166
138
81
56
190
174
171
222
47
160
223
7
52
19
60
155
52
117
145
141
167
140
228
183
213
198
161
155
150
163
35
228
108
0
170
228
185
226
105
53
163
3
174
24
182
7
96
163
37
195
41
242
29
211
239
67
61
24
185
143
88
176
162
4
106
17
11
180
204
74
64
115
26
20
212
44
88
191
122
255
225
111
31
140
161
11
209
167
27
129
228
47
215
148
24
76
185
232
240
115
10
183
25
172
206
86
167
213
94
90
235
102
75
255
83
33
202
64
186
110
73
32
176
189
133
121
142
166
65
81
151
190
146
171
231
47
90
223
80
52
164
60
194
52
63
145
114
167
164
228
238
213
23
161
85
150
60
163
35
228
108
0
170
228
185
226
105
53
163
3
174
24
182
7
96
163
37
195
41
242
29
211
239
67
61
24
185
143
88
176
162
4
106
17
11
180
204
74
64
115
26
20
212
44
88
191
122
255
225
111
31
140
161
11
209
167
27
129
228
47
215
148
24
76
185
232
240
115
10
183
25
172
206
86
167
213
94
90
235
102
75
255
83
33
202
64
186
110
73
32
176
189
133
121
142
166
65
81
151
190
146
171
231
47
90
223
80
52
164
60
194
52
63
145
114
167
164
228
238
213
23
161
85
150
60
35
1
108
189
170
56
185
52
105
64
163
184
174
98
182
154
96
117
37
3
41
196
29
144
239
22
61
79
185
84
88
233
162
27
106
41
11
153
204
64
64
52
26
241
212
108
88
56
122
160
225
28
31
74
161
213
209
172
27
155
228
250
215
80
24
154
185
50
240
167
10
145
25
49
206
205
167
43
94
77
235
172
75
28
83
92
202
143
186
239
73
109
176
119
133
186
142
82
65
110
151
205
146
104
231
168
90
162
80
212
164
45
194
4
63
47
114
131
164
172
238
42
23
29
85
131
60
221
35
1
108
189
170
56
185
52
105
64
163
184
174
98
182
154
96
117
37
3
41
196
29
144
239
22
61
79
185
84
88
233
162
27
106
41
11
153
204
64
64
52
26
241
212
108
88
56
122
160
225
28
31
74
161
213
209
172
27
155
228
250
215
80
24
154
185
50
240
167
10
145
25
49
206
205
167
43
94
77
235
172
75
28
83
92
202
143
186
239
73
109
176
119
133
186
142
82
65
110
151
205
146
104
231
168
90
162
80
212
164
45
194
4
63
47
114
131
164
172
238
42
23
29
85
131
60
221
35
1
108
189
170
56
185
52
105
64
163
184
174
98
182
154
96
117
37
3
41
196
29
144
239
22
61
79
185
84
88
233
162
27
106
41
11
153
204
64
64
52
26
241
212
108
88
56
122
160
225
28
31
74
161
213
209
172
27
155
228
250
215
80
24
154
185
50
240
167
10
145
25
49
206
205
167
43
94
77
235
172
75
28
83
92
202
143
186
239
73
109
176
119
133
186
142
82
65
110
151
205
146
104
231
168
90
162
80
212
164
45
194
4
63
47
114
131
164
172
238
42
23
29
85
131
60
221
108
189
195
253
185
52
85
159
163
184
219
177
182
154
117
143
37
3
19
1
29
144
102
99
61
79
53
59
88
233
8
147
106
41
147
76
204
64
252
167
26
241
139
131
88
56
199
127
225
28
199
54
161
213
94
146
27
155
1
112
215
80
174
146
185
50
233
168
10
145
41
0
206
205
168
50
94
77
96
190
75
28
139
51
202
143
139
237
73
109
60
154
133
186
19
157
65
110
19
195
146
104
157
212
90
162
25
134
164
45
143
243
63
47
173
6
164
172
166
170
23
29
189
69
60
221
139
251
108
189
195
253
185
52
85
159
163
184
219
177
182
154
117
143
37
3
19
1
29
144
102
99
61
79
53
59
88
233
8
147
106
41
147
76
204
64
252
167
26
241
139
131
88
56
199
127
225
28
199
54
161
213
94
146
27
155
1
112
215
80
174
146
185
50
233
168
10
145
41
0
206
205
168
50
94
77
96
190
75
28
139
51
202
143
139
237
73
109
60
154
133
186
19
157
65
110
19
195
146
104
157
212
90
162
25
134
164
45
143
243
63
47
173
6
164
172
166
170
23
29
189
69
60
221
139
251
195
253
134
32
85
159
133
185
219
177
195
197
117
143
235
216
19
1
117
42
102
99
212
125
53
59
69
232
8
147
215
73
147
76
245
108
252
167
111
15
139
131
113
70
199
127
181
10
199
54
4
9
94
146
81
18
1
112
70
246
174
146
43
156
233
168
22
178
41
0
112
166
168
50
115
105
96
190
112
148
139
51
200
135
139
237
59
66
60
154
35
248
19
157
104
230
19
195
150
255
157
212
143
248
25
134
203
48
143
243
169
51
173
6
194
239
166
170
173
20
189
69
14
80
139
251
27
83
195
253
134
32
85
159
133
185
219
177
195
197
117
143
235
216
19
1
117
42
102
99
212
125
53
59
69
232
8
147
215
73
147
76
245
108
252
167
111
15
139
131
113
70
199
127
181
10
199
54
4
9
94
146
81
18
1
112
70
246
174
146
43
156
233
168
22
178
41
0
112
166
168
50
115
105
96
190
112
148
139
51
200
135
139
237
59
66
60
154
35
248
19
157
104
230
19
195
150
255
157
212
143
248
25
134
203
48
143
243
169
51
173
6
194
239
166
170
173
20
189
69
14
80
139
251
27
83
134
32
193
92
133
185
69
213
195
197
249
191
235
216
253
72
117
42
94
93
212
125
47
227
69
232
198
239
215
73
197
68
245
108
157
135
111
15
88
240
113
70
177
58
181
10
151
144
4
9
197
113
81
18
203
68
70
246
241
210
43
156
60
230
22
178
133
117
112
166
83
81
115
105
136
60
112
148
132
179
200
135
83
160
59
66
175
213
35
248
56
93
104
230
110
64
150
255
172
67
143
248
71
108
203
48
119
131
169
51
31
55
194
239
150
124
173
20
15
57
14
80
193
155
27
83
35
56
134
32
193
92
133
185
69
213
195
197
249
191
235
216
253
72
117
42
94
93
212
125
47
227
69
232
198
239
215
73
197
68
245
108
157
135
111
15
88
240
113
70
177
58
181
10
151
144
4
9
197
113
81
18
203
68
70
246
241
210
43
156
60
230
22
178
133
117
112
166
83
81
115
105
136
60
112
148
132
179
200
135
83
160
59
66
175
213
35
248
56
93
104
230
110
64
150
255
172
67
143
248
71
108
203
48
119
131
169
51
31
55
194
239
150
124
173
20
15
57
14
80
193
155
27
83
35
56
193
92
43
48
69
213
183
4
249
191
200
81
253
72
238
169
94
93
211
183
47
227
128
231
198
239
84
8
197
68
130
227
157
135
38
70
88
240
12
23
177
58
194
243
151
144
96
12
197
113
175
83
203
68
77
43
241
210
172
2
60
230
111
101
133
117
141
40
83
81
23
68
136
60
134
69
132
179
76
205
83
160
24
95
175
213
12
44
56
93
209
170
110
64
168
56
172
67
150
202
71
108
38
13
119
131
175
191
31
55
172
2
150
124
210
203
15
57
57
72
193
155
118
173
35
56
24
132
193
92
43
48
69
213
183
4
249
191
200
81
253
72
238
169
94
93
211
183
47
227
128
231
198
239
84
8
197
68
130
227
157
135
38
70
88
240
12
23
177
58
194
243
151
144
96
12
197
113
175
83
203
68
77
43
241
210
172
2
60
230
111
101
133
117
141
40
83
81
23
68
136
60
134
69
132
179
76
205
83
160
24
95
175
213
12
44
56
93
209
170
110
64
168
56
172
67
150
202
71
108
38
13
119
131
175
191
31
55
172
2
150
124
210
203
15
57
57
72
193
155
118
173
35
56
24
132
43
48
172
182
183
4
199
51
200
81
239
130
238
169
118
154
211
183
137
40
128
231
32
127
84
8
154
151
130
227
180
93
38
70
214
211
12
23
57
85
194
243
102
176
96
12
100
223
175
83
222
73
77
43
155
143
172
2
98
36
111
101
6
177
141
40
175
107
23
68
207
117
134
69
161
2
76
205
122
218
24
95
113
155
12
44
146
225
209
170
96
80
168
56
55
60
150
202
136
34
38
13
187
201
175
191
174
107
172
2
174
76
210
203
237
116
57
72
43
233
118
173
11
252
24
132
79
90
43
48
172
182
183
4
199
51
200
81
239
130
238
169
118
154
211
183
137
40
128
231
32
127
84
8
154
151
130
227
180
93
38
70
214
211
12
23
57
85
194
243
102
176
96
12
100
223
175
83
222
73
77
43
155
143
172
2
98
36
111
101
6
177
141
40
175
107
23
68
207
117
134
69
161
2
76
205
122
218
24
95
113
155
12
44
146
225
209
170
96
80
168
56
55
60
150
202
136
34
38
13
187
201
175
191
174
107
172
2
174
76
210
203
237
116
57
72
43
233
118
173
11
252
24
132
79
90
172
182
158
45
199
51
20
120
239
130
189
197
118
154
231
168
137
40
209
71
32
127
221
135
154
151
47
11
180
93
202
38
214
211
185
202
57
85
148
166
102
176
145
181
100
223
109
220
222
73
148
127
155
143
118
51
98
36
219
123
6
177
68
52
175
107
76
152
207
117
102
159
161
2
165
237
122
218
1
30
113
155
7
216
146
225
254
71
96
80
170
226
55
60
20
207
136
34
120
9
187
201
10
161
174
107
107
188
174
76
238
70
237
116
163
126
43
233
237
58
11
252
215
254
79
90
208
220
172
182
158
45
199
51
20
120
239
130
189
197
118
154
231
168
137
40
209
71
32
127
221
135
154
151
47
11
180
93
202
38
214
211
185
202
57
85
148
166
102
176
145
181
100
223
109
220
222
73
148
127
155
143
118
51
98
36
219
123
6
177
68
52
175
107
76
152
207
117
102
159
161
2
165
237
122
218
1
30
113
155
7
216
146
225
254
71
96
80
170
226
55
60
20
207
136
34
120
9
187
201
10
161
174
107
107
188
174
76
238
70
237
116
163
126
43
233
237
58
11
252
215
254
79
90
208
220
172
182
158
45
199
51
20
120
239
130
189
197
118
154
231
168
137
40
209
71
32
127
221
135
154
151
47
11
180
93
202
38
214
211
185
202
57
85
148
166
102
176
145
181
100
223
109
220
222
73
148
127
155
143
118
51
98
36
219
123
6
177
68
52
175
107
76
152
207
117
102
159
161
2
165
237
122
218
1
30
113
155
7
216
146
225
254
71
96
80
170
226
55
60
20
207
136
34
120
9
187
201
10
161
174
107
107
188
174
76
238
70
237
116
163
126
43
233
237
58
11
252
215
254
79
90
208
220
228
172
6
158
251
199
246
20
20
239
160
189
113
118
196
231
1
137
73
209
141
32
140
221
60
154
122
47
58
180
182
202
192
214
85
185
177
57
160
148
240
102
158
145
20
100
146
109
62
222
239
148
229
155
14
118
89
98
14
219
211
6
244
68
21
175
119
76
143
207
169
102
201
161
114
165
44
122
1
1
102
113
152
7
46
146
172
254
45
96
62
170
99
55
14
20
111
136
181
120
250
187
74
10
43
174
173
107
161
174
119
238
220
237
247
163
30
43
182
237
90
11
165
215
76
79
137
208
228
172
6
158
251
199
246
20
20
239
160
189
113
118
196
231
1
137
73
209
141
32
140
221
60
154
122
47
58
180
182
202
192
214
85
185
177
57
160
148
240
102
158
145
20
100
146
109
62
222
239
148
229
155
14
118
89
98
14
219
211
6
244
68
21
175
119
76
143
207
169
102
201
161
114
165
44
122
1
1
102
113
152
7
46
146
172
254
45
96
62
170
99
55
14
20
111
136
181
120
250
187
74
10
43
174
173
107
161
174
119
238
220
237
247
163
30
43
182
237
90
11
165
215
76
79
137
208
137
228
196
6
68
251
57
246
75
20
163
160
204
113
73
196
115
1
116
73
133
141
211
140
126
60
7
122
204
58
151
182
233
192
83
85
243
177
34
160
33
240
54
158
80
20
74
146
175
62
82
239
76
229
201
14
48
89
111
14
212
211
112
244
188
21
90
119
80
143
82
169
38
201
41
114
157
44
70
1
135
102
222
152
222
46
153
172
143
45
0
62
227
99
6
14
243
111
171
181
160
250
239
74
193
43
243
173
21
161
148
119
157
220
176
247
3
30
195
182
145
90
1
165
224
76
110
137
137
228
196
6
68
251
57
246
75
20
163
160
204
113
73
196
115
1
116
73
133
141
211
140
126
60
7
122
204
58
151
182
233
192
83
85
243
177
34
160
33
240
54
158
80
20
74
146
175
62
82
239
76
229
201
14
48
89
111
14
212
211
112
244
188
21
90
119
80
143
82
169
38
201
41
114
157
44
70
1
135
102
222
152
222
46
153
172
143
45
0
62
227
99
6
14
243
111
171
181
160
250
239
74
193
43
243
173
21
161
148
119
157
220
176
247
3
30
195
182
145
90
1
165
224
76
110
137
9
137
137
196
232
68
89
57
171
75
163
163
1
204
150
73
224
115
193
116
207
133
37
211
200
126
252
7
200
204
54
151
10
233
57
83
61
243
58
34
16
33
126
54
5
80
146
74
36
175
162
82
93
76
162
201
228
48
248
111
223
212
117
112
247
188
197
90
130
80
222
82
112
38
78
41
253
157
124
70
115
135
139
222
145
222
240
153
180
143
62
0
20
227
218
6
177
243
67
171
176
160
92
239
119
193
251
243
46
21
143
148
8
157
29
176
115
3
163
195
206
145
90
1
223
224
68
110
9
137
137
196
232
68
89
57
171
75
163
163
1
204
150
73
224
115
193
116
207
133
37
211
200
126
252
7
200
204
54
151
10
233
57
83
61
243
58
34
16
33
126
54
5
80
146
74
36
175
162
82
93
76
162
201
228
48
248
111
223
212
117
112
247
188
197
90
130
80
222
82
112
38
78
41
253
157
124
70
115
135
139
222
145
222
240
153
180
143
62
0
20
227
218
6
177
243
67
171
176
160
92
239
119
193
251
243
46
21
143
148
8
157
29
176
115
3
163
195
206
145
90
1
223
224
68
110
177
9
237
137
84
232
239
89
152
171
150
163
131
1
99
150
96
224
38
193
67
207
229
37
255
200
213
252
24
200
131
54
215
10
127
57
95
61
178
58
235
16
57
126
165
5
111
146
96
36
252
162
255
93
248
162
18
228
4
248
59
223
53
117
109
247
68
197
158
130
17
222
152
112
170
78
102
253
113
124
249
115
79
139
128
145
191
240
221
180
237
62
38
20
122
218
227
177
36
67
203
176
36
92
126
119
242
251
166
46
216
143
222
8
189
29
239
115
152
163
176
206
135
90
66
223
85
68
177
9
237
137
84
232
239
89
152
171
150
163
131
1
99
150
96
224
38
193
67
207
229
37
255
200
213
252
24
200
131
54
215
10
127
57
95
61
178
58
235
16
57
126
165
5
111
146
96
36
252
162
255
93
248
162
18
228
4
248
59
223
53
117
109
247
68
197
158
130
17
222
152
112
170
78
102
253
113
124
249
115
79
139
128
145
191
240
221
180
237
62
38
20
122
218
227
177
36
67
203
176
36
92
126
119
242
251
166
46
216
143
222
8
189
29
239
115
152
163
176
206
135
90
66
223
85
68
149
177
88
237
161
84
228
239
212
152
245
150
51
131
41
99
112
96
224
38
144
67
70
229
188
255
77
213
47
24
207
131
215
215
152
127
131
95
49
178
168
235
174
57
235
165
120
111
231
96
3
252
141
255
44
248
80
18
43
4
44
59
137
53
139
109
216
68
215
158
214
17
61
152
231
170
213
102
43
113
63
249
132
79
69
128
229
191
209
221
29
237
123
38
210
122
228
227
127
36
169
203
150
36
162
126
219
242
34
166
242
216
170
222
116
189
59
239
97
152
32
176
191
135
214
66
191
85
149
177
88
237
161
84
228
239
212
152
245
150
51
131
41
99
112
96
224
38
144
67
70
229
188
255
77
213
47
24
207
131
215
215
152
127
131
95
49
178
168
235
174
57
235
165
120
111
231
96
3
252
141
255
44
248
80
18
43
4
44
59
137
53
139
109
216
68
215
158
214
17
61
152
231
170
213
102
43
113
63
249
132
79
69
128
229
191
209
221
29
237
123
38
210
122
228
227
127
36
169
203
150
36
162
126
219
242
34
166
242
216
170
222
116
189
59
239
97
152
32
176
191
135
214
66
191
85
38
149
208
88
193
161
132
228
141
212
13
245
160
51
118
41
137
112
253
224
227
144
100
70
154
188
47
77
196
47
144
207
151
215
11
152
75
131
174
49
236
168
84
174
62
235
72
120
63
231
88
3
174
141
18
44
249
80
155
43
92
44
214
137
207
139
93
216
192
215
207
214
176
61
154
231
121
213
191
43
84
63
164
132
20
69
77
229
207
209
127
29
43
123
77
210
253
228
245
127
130
169
177
150
85
162
203
219
162
34
144
242
38
170
173
116
62
59
180
97
4
32
149
191
3
214
11
191
38
149
208
88
193
161
132
228
141
212
13
245
160
51
118
41
137
112
253
224
227
144
100
70
154
188
47
77
196
47
144
207
151
215
11
152
75
131
174
49
236
168
84
174
62
235
72
120
63
231
88
3
174
141
18
44
249
80
155
43
92
44
214
137
207
139
93
216
192
215
207
214
176
61
154
231
121
213
191
43
84
63
164
132
20
69
77
229
207
209
127
29
43
123
77
210
253
228
245
127
130
169
177
150
85
162
203
219
162
34
144
242
38
170
173
116
62
59
180
97
4
32
149
191
3
214
11
191
38
149
208
88
193
161
132
228
141
212
13
245
160
51
118
41
137
112
253
224
227
144
100
70
154
188
47
77
196
47
144
207
151
215
11
152
75
131
174
49
236
168
84
174
62
235
72
120
63
231
88
3
174
141
18
44
249
80
155
43
92
44
214
137
207
139
93
216
192
215
207
214
176
61
154
231
121
213
191
43
84
63
164
132
20
69
77
229
207
209
127
29
43
123
77
210
253
228
245
127
130
169
177
150
85
162
203
219
162
34
144
242
38
170
173
116
62
59
180
97
4
32
149
191
3
214
11
191
187
144
38
149
144
85
193
161
172
144
141
212
73
28
160
51
90
244
137
112
229
28
227
144
56
156
154
188
231
96
196
47
126
13
151
215
171
237
75
131
166
175
236
168
100
8
62
235
0
88
63
231
231
122
174
141
240
37
249
80
243
218
92
44
80
21
207
139
167
63
192
215
210
23
176
61
253
47
121
213
49
156
84
63
87
219
20
69
199
186
207
209
6
180
43
123
144
221
253
228
90
213
130
169
226
84
85
162
6
29
162
34
213
12
38
170
74
161
62
59
186
134
4
32
161
99
3
214
187
144
38
149
144
85
193
161
172
144
141
212
73
28
160
51
90
244
137
112
229
28
227
144
56
156
154
188
231
96
196
47
126
13
151
215
171
237
75
131
166
175
236
168
100
8
62
235
0
88
63
231
231
122
174
141
240
37
249
80
243
218
92
44
80
21
207
139
167
63
192
215
210
23
176
61
253
47
121
213
49
156
84
63
87
219
20
69
199
186
207
209
6
180
43
123
144
221
253
228
90
213
130
169
226
84
85
162
6
29
162
34
213
12
38
170
74
161
62
59
186
134
4
32
161
99
3
214
105
179
187
144
220
14
144
85
103
158
172
144
192
151
73
28
73
30
90
244
99
52
229
28
120
111
56
156
65
22
231
96
212
131
126
13
88
209
171
237
72
106
166
175
224
162
100
8
40
66
0
88
0
150
231
122
20
123
240
37
35
242
243
218
146
153
80
21
240
161
167
63
69
58
210
23
85
183
253
47
9
251
49
156
186
167
87
219
64
4
199
186
53
107
6
180
112
7
144
221
173
81
90
213
86
106
226
84
99
57
6
29
39
207
213
12
74
204
74
161
214
51
186
134
55
216
161
99
105
179
187
144
220
14
144
85
103
158
172
144
192
151
73
28
73
30
90
244
99
52
229
28
120
111
56
156
65
22
231
96
212
131
126
13
88
209
171
237
72
106
166
175
224
162
100
8
40
66
0
88
0
150
231
122
20
123
240
37
35
242
243
218
146
153
80
21
240
161
167
63
69
58
210
23
85
183
253
47
9
251
49
156
186
167
87
219
64
4
199
186
53
107
6
180
112
7
144
221
173
81
90
213
86
106
226
84
99
57
6
29
39
207
213
12
74
204
74
161
214
51
186
134
55
216
161
99
235
103
105
179
205
13
220
14
194
96
103
158
232
113
192
151
25
221
73
30
39
159
99
52
169
165
120
111
160
158
65
22
49
15
212
131
171
185
88
209
196
40
72
106
128
96
224
162
253
114
40
66
151
118
0
150
195
0
20
123
101
80
35
242
75
51
146
153
64
35
240
161
203
169
69
58
86
72
85
183
154
52
9
251
63
220
186
167
250
219
64
4
126
215
53
107
169
141
112
7
37
175
173
81
191
247
86
106
87
80
99
57
100
7
39
207
162
64
74
204
180
238
214
51
105
113
55
216
235
103
105
179
205
13
220
14
194
96
103
158
232
113
192
151
25
221
73
30
39
159
99
52
169
165
120
111
160
158
65
22
49
15
212
131
171
185
88
209
196
40
72
106
128
96
224
162
253
114
40
66
151
118
0
150
195
0
20
123
101
80
35
242
75
51
146
153
64
35
240
161
203
169
69
58
86
72
85
183
154
52
9
251
63
220
186
167
250
219
64
4
126
215
53
107
169
141
112
7
37
175
173
81
191
247
86
106
87
80
99
57
100
7
39
207
162
64
74
204
180
238
214
51
105
113
55
216
2
193
235
103
10
128
205
13
16
238
194
96
43
248
232
113
48
231
25
221
82
243
39
159
198
32
169
165
215
86
160
158
251
127
49
15
25
52
171
185
97
31
196
40
148
218
128
96
244
57
253
114
240
207
151
118
244
230
195
0
112
19
101
80
176
246
75
51
31
185
64
35
6
255
203
169
134
69
86
72
179
251
154
52
146
45
63
220
48
34
250
219
232
172
126
215
182
106
169
141
59
198
37
175
79
103
191
247
78
118
87
80
47
36
100
7
223
206
162
64
166
141
180
238
244
184
105
113
2
193
235
103
10
128
205
13
16
238
194
96
43
248
232
113
48
231
25
221
82
243
39
159
198
32
169
165
215
86
160
158
251
127
49
15
25
52
171
185
97
31
196
40
148
218
128
96
244
57
253
114
240
207
151
118
244
230
195
0
112
19
101
80
176
246
75
51
31
185
64
35
6
255
203
169
134
69
86
72
179
251
154
52
146
45
63
220
48
34
250
219
232
172
126
215
182
106
169
141
59
198
37
175
79
103
191
247
78
118
87
80
47
36
100
7
223
206
162
64
166
141
180
238
244
184
105
113
129
199
2
193
4
48
10
128
87
247
16
238
244
140
43
248
84
181
48
231
73
64
82
243
148
220
198
32
133
94
215
86
166
162
251
127
157
100
25
52
135
201
97
31
199
179
148
218
249
193
244
57
239
80
240
207
186
84
244
230
75
108
112
19
159
162
176
246
212
106
31
185
143
16
6
255
118
203
134
69
192
19
179
251
100
5
146
45
206
25
48
34
75
200
232
172
224
39
182
106
144
129
59
198
145
12
79
103
244
107
78
118
101
3
47
36
228
210
223
206
173
23
166
141
70
51
244
184
129
199
2
193
4
48
10
128
87
247
16
238
244
140
43
248
84
181
48
231
73
64
82
243
148
220
198
32
133
94
215
86
166
162
251
127
157
100
25
52
135
201
97
31
199
179
148
218
249
193
244
57
239
80
240
207
186
84
244
230
75
108
112
19
159
162
176
246
212
106
31
185
143
16
6
255
118
203
134
69
192
19
179
251
100
5
146
45
206
25
48
34
75
200
232
172
224
39
182
106
144
129
59
198
145
12
79
103
244
107
78
118
101
3
47
36
228
210
223
206
173
23
166
141
70
51
244
184
217
232
129
199
252
149
4
48
96
78
87
247
146
33
244
140
79
7
84
181
165
172
73
64
232
50
148
220
108
229
133
94
242
144
166
162
70
100
157
100
129
208
135
201
168
231
199
179
86
59
249
193
46
255
239
80
126
245
186
84
148
10
75
108
16
178
159
162
82
12
212
106
205
99
143
16
133
171
118
203
168
55
192
19
179
76
100
5
217
234
206
25
75
246
75
200
179
86
224
39
116
152
144
129
130
206
145
12
175
93
244
107
150
192
101
3
108
198
228
210
63
235
173
23
193
46
70
51
217
232
129
199
252
149
4
48
96
78
87
247
146
33
244
140
79
7
84
181
165
172
73
64
232
50
148
220
108
229
133
94
242
144
166
162
70
100
157
100
129
208
135
201
168
231
199
179
86
59
249
193
46
255
239
80
126
245
186
84
148
10
75
108
16
178
159
162
82
12
212
106
205
99
143
16
133
171
118
203
168
55
192
19
179
76
100
5
217
234
206
25
75
246
75
200
179
86
224
39
116
152
144
129
130
206
145
12
175
93
244
107
150
192
101
3
108
198
228
210
63
235
173
23
193
46
70
51
0
154
143
237
178
189
204
65
143
25
49
42
58
102
91
237
161
83
221
209
12
88
174
136
94
139
169
98
233
239
210
249
159
177
244
234
105
105
218
236
195
133
215
158
86
248
160
178
215
148
54
159
114
9
137
48
89
192
13
8
20
97
201
162
181
40
220
68
246
55
2
30
232
204
49
238
34
7
218
242
29
2
140
79
106
24
58
67
198
140
73
2
2
200
254
43
179
112
117
2
29
162
215
12
189
60
189
32
79
149
1
133
6
189
55
3
138
95
88
116
250
143
182
212
135
81
118
71
0
154
143
237
178
189
204
65
143
25
49
42
58
102
91
237
161
83
221
209
12
88
174
136
94
139
169
98
233
239
210
249
237
25
29
77
65
26
216
93
42
204
26
102
237
211
126
246
209
68
44
86
136
157
160
77
98
223
210
85
249
88
95
177
234
6
41
231
236
205
14
89
158
190
142
105
178
115
168
196
159
241
125
151
48
32
147
135
8
47
30
190
162
223
11
77
68
192
193
24
30
172
11
123
238
126
120
22
242
172
255
223
79
210
39
109
67
47
202
132
2
155
212
202
43
136
187
231
2
194
60
83
12
95
178
20
32
73
136
46
133
214
116
101
3
36
173
135
116
205
130
171
212
164
51
0
71
179
209
4
