PATTERN:  0

	Channel: 1

		  0	  0	  0	  0	  0	  0	  0	  0	
		  0	  0	  0	  0	  0	  0	  0	  0	
		  0	  0	  0	  0	  0	  0	  0	  0	
		  0	  0	  0	  0	  0	  0	  0	  0	
		  0	  0	  0	  0	  0	  0	  0	  0	
		  0	  0	  0	  0	  0	  0	  0	  0	
		  0	  0	  0	  0	  0	  0	  0	  0	
		  0	  0	  0	  0	  0	  0	  0	  0	

	Channel: 2

		  0	  0	  0	  0	  0	  0	  0	  0	
		  0	  0	  0	  0	  0	  0	  0	  0	
		  0	  0	  0	  0	  0	  0	  0	  0	
		  0	  0	  0	  0	  0	  0	  0	  0	
		  0	  0	  0	  0	  0	  0	  0	  0	
		  0	  0	  0	  0	  0	  0	  0	  0	
		  0	  0	  0	  0	  0	  0	  0	  0	
		  0	  0	  0	  0	  0	  0	  0	  0	

	Channel: 3

		  0	  0	  0	  0	  0	  0	  0	  0	
		  0	  0	  0	  0	  0	  0	  0	  0	
		  0	  0	  0	  0	  0	  0	  0	  0	
		  0	  0	  0	  0	  0	  0	  0	  0	
		  0	  0	  0	  0	  0	  0	  0	  0	
		  0	  0	  0	  0	  0	  0	  0	  0	
		  0	  0	  0	  0	  0	  0	  0	  0	
		  0	  0	  0	  0	  0	  0	  0	  0	

	Channel: 4

		  0	  0	  0	  0	  0	  0	  0	  0	
		  0	  0	  0	  0	  0	  0	  0	  0	
		  0	  0	  0	  0	  0	  0	  0	  0	
		  0	  0	  0	  0	  0	  0	  0	  0	
		  0	  0	  0	  0	  0	  0	  0	  0	
		  0	  0	  0	  0	  0	  0	  0	  0	
		  0	  0	  0	  0	  0	  0	  0	  0	
		  0	  0	  0	  0	  0	  0	  0	  0	

	Channel: 5

		  0	  0	  0	  0	  0	  0	  0	  0	
		  0	  0	  0	  0	  0	  0	  0	  0	
		  0	  0	  0	  0	  0	  0	  0	  0	
		  0	  0	  0	  0	  0	  0	  0	  0	
		  0	  0	  0	  0	  0	  0	  0	  0	
		  0	  0	  0	  0	  0	  0	  0	  0	
		  0	  0	  0	  0	  0	  0	  0	  0	
		  0	  0	  0	  0	  0	  0	  0	  0	

	Channel: 6

		  0	  0	  0	  0	  0	  0	  0	  0	
		  0	  0	  0	  0	  0	  0	  0	  0	
		  0	  0	  0	  0	  0	  0	  0	  0	
		  0	  0	  0	  0	  0	  0	  0	  0	
		  0	  0	  0	  0	  0	  0	  0	  0	
		  0	  0	  0	  0	  0	  0	  0	  0	
		  0	  0	  0	  0	  0	  0	  0	  0	
		  0	  0	  0	  0	  0	  0	  0	  0	

	Channel: 7

		  0	  0	  0	  0	  0	  0	  0	  0	
		  0	  0	  0	  0	  0	  0	  0	  0	
		  0	  0	  0	  0	  0	  0	  0	  0	
		  0	  0	  0	  0	  0	  0	  0	  0	
		  0	  0	  0	  0	  0	  0	  0	  0	
		  0	  0	  0	  0	  0	  0	  0	  0	
		  0	  0	  0	  0	  0	  0	  0	  0	
		  0	  0	  0	  0	  0	  0	  0	  0	

	Channel: 8

		  0	  0	  0	  0	  0	  0	  0	  0	
		  0	  0	  0	  0	  0	  0	  0	  0	
		  0	  0	  0	  0	  0	  0	  0	  0	
		  0	  0	  0	  0	  0	  0	  0	  0	
		  0	  0	  0	  0	  0	  0	  0	  0	
		  0	  0	  0	  0	  0	  0	  0	  0	
		  0	  0	  0	  0	  0	  0	  0	  0	
		  0	  0	  0	  0	  0	  0	  0	  0	

	Channel: 9

		  0	  0	  0	  0	  0	  0	  0	  0	
		  0	  0	  0	  0	  0	  0	  0	  0	
		  0	  0	  0	  0	  0	  0	  0	  0	
		  0	  0	  0	  0	  0	  0	  0	  0	
		  0	  0	  0	  0	  0	  0	  0	  0	
		  0	  0	  0	  0	  0	  0	  0	  0	
		  0	  0	  0	  0	  0	  0	  0	  0	
		  0	  0	  0	  0	  0	  0	  0	  0	

	Channel:10

		  0	  0	  0	  0	  0	  0	  0	  0	
		  0	  0	  0	  0	  0	  0	  0	  0	
		  0	  0	  0	  0	  0	  0	  0	  0	
		  0	  0	  0	  0	  0	  0	  0	  0	
		  0	  0	  0	  0	  0	  0	  0	  0	
		  0	  0	  0	  0	  0	  0	  0	  0	
		  0	  0	  0	  0	  0	  0	  0	  0	
		  0	  0	  0	  0	  0	  0	  0	  0	

	Channel:11

		  0	  0	  0	  0	  0	  0	  0	  0	
		  0	  0	  0	  0	  0	  0	  0	  0	
		  0	  0	  0	  0	  0	  0	  0	  0	
		  0	  0	  0	  0	  0	  0	  0	  0	
		  0	  0	  0	  0	  0	  0	  0	  0	
		  0	  0	  0	  0	  0	  0	  0	  0	
		  0	  0	  0	  0	  0	  0	  0	  0	
		  0	  0	  0	  0	  0	  0	  0	  0	

	Channel:12

		  0	  0	  0	  0	  0	  0	  0	  0	
		  0	  0	  0	  0	  0	  0	  0	  0	
		  0	  0	  0	  0	  0	  0	  0	  0	
		  0	  0	  0	  0	  0	  0	  0	  0	
		  0	  0	  0	  0	  0	  0	  0	  0	
		  0	  0	  0	  0	  0	  0	  0	  0	
		  0	  0	  0	  0	  0	  0	  0	  0	
		  0	  0	  0	  0	  0	  0	  0	  0	

	Channel:13

		  0	  0	  0	  0	  0	  0	  0	  0	
		  0	  0	  0	  0	  0	  0	  0	  0	
		  0	  0	  0	  0	  0	  0	  0	  0	
		  0	  0	  0	  0	  0	  0	  0	  0	
		  0	  0	  0	  0	  0	  0	  0	  0	
		  0	  0	  0	  0	  0	  0	  0	  0	
		  0	  0	  0	  0	  0	  0	  0	  0	
		  0	  0	  0	  0	  0	  0	  0	  0	

	Channel:14

		  0	  0	  0	  0	  0	  0	  0	  0	
		  0	  0	  0	  0	  0	  0	  0	  0	
		  0	  0	  0	  0	  0	  0	  0	  0	
		  0	  0	  0	  0	  0	  0	  0	  0	
		  0	  0	  0	  0	  0	  0	  0	  0	
		  0	  0	  0	  0	  0	  0	  0	  0	
		  0	  0	  0	  0	  0	  0	  0	  0	
		  0	  0	  0	  0	  0	  0	  0	  0	

	Channel:15

		  0	  0	  0	  0	  0	  0	  0	  0	
		  0	  0	  0	  0	  0	  0	  0	  0	
		  0	  0	  0	  0	  0	  0	  0	  0	
		  0	  0	  0	  0	  0	  0	  0	  0	
		  0	  0	  0	  0	  0	  0	  0	  0	
		  0	  0	  0	  0	  0	  0	  0	  0	
		  0	  0	  0	  0	  0	  0	  0	  0	
		  0	  0	  0	  0	  0	  0	  0	  0	

	Channel:16

		  0	  0	  0	  0	  0	  0	  0	  0	
		  0	  0	  0	  0	  0	  0	  0	  0	
		  0	  0	  0	  0	  0	  0	  0	  0	
		  0	  0	  0	  0	  0	  0	  0	  0	
		  0	  0	  0	  0	  0	  0	  0	  0	
		  0	  0	  0	  0	  0	  0	  0	  0	
		  0	  0	  0	  0	  0	  0	  0	  0	
		  0	  0	  0	  0	  0	  0	  0	  0	

	Channel:17

		  0	  0	  0	  0	  0	  0	  0	  0	
		  0	  0	  0	  0	  0	  0	  0	  0	
		  0	  0	  0	  0	  0	  0	  0	  0	
		  0	  0	  0	  0	  0	  0	  0	  0	
		  0	  0	  0	  0	  0	  0	  0	  0	
		  0	  0	  0	  0	  0	  0	  0	  0	
		  0	  0	  0	  0	  0	  0	  0	  0	
		  0	  0	  0	  0	  0	  0	  0	  0	

	Channel:18

		  0	  0	  0	  0	  0	  0	  0	  0	
		  0	  0	  0	  0	  0	  0	  0	  0	
		  0	  0	  0	  0	  0	  0	  0	  0	
		  0	  0	  0	  0	  0	  0	  0	  0	
		  0	  0	  0	  0	  0	  0	  0	  0	
		  0	  0	  0	  0	  0	  0	  0	  0	
		  0	  0	  0	  0	  0	  0	  0	  0	
		  0	  0	  0	  0	  0	  0	  0	  0	

	Channel:19

		  0	  0	  0	  0	  0	  0	  0	  0	
		  0	  0	  0	  0	  0	  0	  0	  0	
		  0	  0	  0	  0	  0	  0	  0	  0	
		  0	  0	  0	  0	  0	  0	  0	  0	
		  0	  0	  0	  0	  0	  0	  0	  0	
		  0	  0	  0	  0	  0	  0	  0	  0	
		  0	  0	  0	  0	  0	  0	  0	  0	
		  0	  0	  0	  0	  0	  0	  0	  0	

	Channel:20

		  0	  0	  0	  0	  0	  0	  0	  0	
		  0	  0	  0	  0	  0	  0	  0	  0	
		  0	  0	  0	  0	  0	  0	  0	  0	
		  0	  0	  0	  0	  0	  0	  0	  0	
		  0	  0	  0	  0	  0	  0	  0	  0	
		  0	  0	  0	  0	  0	  0	  0	  0	
		  0	  0	  0	  0	  0	  0	  0	  0	
		  0	  0	  0	  0	  0	  0	  0	  0	

	Channel:21

		  0	  0	  0	  0	  0	  0	  0	  0	
		  0	  0	  0	  0	  0	  0	  0	  0	
		  0	  0	  0	  0	  0	  0	  0	  0	
		  0	  0	  0	  0	  0	  0	  0	  0	
		  0	  0	  0	  0	  0	  0	  0	  0	
		  0	  0	  0	  0	  0	  0	  0	  0	
		  0	  0	  0	  0	  0	  0	  0	  0	
		  0	  0	  0	  0	  0	  0	  0	  0	

	Channel:22

		  0	  0	  0	  0	  0	  0	  0	  0	
		  0	  0	  0	  0	  0	  0	  0	  0	
		  0	  0	  0	  0	  0	  0	  0	  0	
		  0	  0	  0	  0	  0	  0	  0	  0	
		  0	  0	  0	  0	  0	  0	  0	  0	
		  0	  0	  0	  0	  0	  0	  0	  0	
		  0	  0	  0	  0	  0	  0	  0	  0	
		  0	  0	  0	  0	  0	  0	  0	  0	

	Channel:23

		  0	  0	  0	  0	  0	  0	  0	  0	
		  0	  0	  0	  0	  0	  0	  0	  0	
		  0	  0	  0	  0	  0	  0	  0	  0	
		  0	  0	  0	  0	  0	  0	  0	  0	
		  0	  0	  0	  0	  0	  0	  0	  0	
		  0	  0	  0	  0	  0	  0	  0	  0	
		  0	  0	  0	  0	  0	  0	  0	  0	
		  0	  0	  0	  0	  0	  0	  0	  0	

	Channel:24

		  0	  0	  0	  0	  0	  0	  0	  0	
		  0	  0	  0	  0	  0	  0	  0	  0	
		  0	  0	  0	  0	  0	  0	  0	  0	
		  0	  0	  0	  0	  0	  0	  0	  0	
		  0	  0	  0	  0	  0	  0	  0	  0	
		  0	  0	  0	  0	  0	  0	  0	  0	
		  0	  0	  0	  0	  0	  0	  0	  0	
		  0	  0	  0	  0	  0	  0	  0	  0	

	Channel:25

		  0	  0	  0	  0	  0	  0	  0	  0	
		  0	  0	  0	  0	  0	  0	  0	  0	
		  0	  0	  0	  0	  0	  0	  0	  0	
		  0	  0	  0	  0	  0	  0	  0	  0	
		  0	  0	  0	  0	  0	  0	  0	  0	
		  0	  0	  0	  0	  0	  0	  0	  0	
		  0	  0	  0	  0	  0	  0	  0	  0	
		  0	  0	  0	  0	  0	  0	  0	  0	

	Channel:26

		  0	  0	  0	  0	  0	  0	  0	  0	
		  0	  0	  0	  0	  0	  0	  0	  0	
		  0	  0	  0	  0	  0	  0	  0	  0	
		  0	  0	  0	  0	  0	  0	  0	  0	
		  0	  0	  0	  0	  0	  0	  0	  0	
		  0	  0	  0	  0	  0	  0	  0	  0	
		  0	  0	  0	  0	  0	  0	  0	  0	
		  0	  0	  0	  0	  0	  0	  0	  0	

	Channel:27

		  0	  0	  0	  0	  0	  0	  0	  0	
		  0	  0	  0	  0	  0	  0	  0	  0	
		  0	  0	  0	  0	  0	  0	  0	  0	
		  0	  0	  0	  0	  0	  0	  0	  0	
		  0	  0	  0	  0	  0	  0	  0	  0	
		  0	  0	  0	  0	  0	  0	  0	  0	
		  0	  0	  0	  0	  0	  0	  0	  0	
		  0	  0	  0	  0	  0	  0	  0	  0	

	Channel:28

		  0	  0	  0	  0	  0	  0	  0	  0	
		  0	  0	  0	  0	  0	  0	  0	  0	
		  0	  0	  0	  0	  0	  0	  0	  0	
		  0	  0	  0	  0	  0	  0	  0	  0	
		  0	  0	  0	  0	  0	  0	  0	  0	
		  0	  0	  0	  0	  0	  0	  0	  0	
		  0	  0	  0	  0	  0	  0	  0	  0	
		  0	  0	  0	  0	  0	  0	  0	  0	

	Channel:29

		  0	  0	  0	  0	  0	  0	  0	  0	
		  0	  0	  0	  0	  0	  0	  0	  0	
		  0	  0	  0	  0	  0	  0	  0	  0	
		  0	  0	  0	  0	  0	  0	  0	  0	
		  0	  0	  0	  0	  0	  0	  0	  0	
		  0	  0	  0	  0	  0	  0	  0	  0	
		  0	  0	  0	  0	  0	  0	  0	  0	
		  0	  0	  0	  0	  0	  0	  0	  0	

	Channel:30

		  0	  0	  0	  0	  0	  0	  0	  0	
		  0	  0	  0	  0	  0	  0	  0	  0	
		  0	  0	  0	  0	  0	  0	  0	  0	
		  0	  0	  0	  0	  0	  0	  0	  0	
		  0	  0	  0	  0	  0	  0	  0	  0	
		  0	  0	  0	  0	  0	  0	  0	  0	
		  0	  0	  0	  0	  0	  0	  0	  0	
		  0	  0	  0	  0	  0	  0	  0	  0	

	Channel:31

		  0	  0	  0	  0	  0	  0	  0	  0	
		  0	  0	  0	  0	  0	  0	  0	  0	
		  0	  0	  0	  0	  0	  0	  0	  0	
		  0	  0	  0	  0	  0	  0	  0	  0	
		  0	  0	  0	  0	  0	  0	  0	  0	
		  0	  0	  0	  0	  0	  0	  0	  0	
		  0	  0	  0	  0	  0	  0	  0	  0	
		  0	  0	  0	  0	  0	  0	  0	  0	

	Channel:32

		  0	  0	  0	  0	  0	  0	  0	  0	
		  0	  0	  0	  0	  0	  0	  0	  0	
		  0	  0	  0	  0	  0	  0	  0	  0	
		  0	  0	  0	  0	  0	  0	  0	  0	
		  0	  0	  0	  0	  0	  0	  0	  0	
		  0	  0	  0	  0	  0	  0	  0	  0	
		  0	  0	  0	  0	  0	  0	  0	  0	
		  0	  0	  0	  0	  0	  0	  0	  0	
PATTERN:  1

	Channel: 1

		255	255	255	255	255	255	255	255	
		255	255	255	255	255	255	255	255	
		255	255	255	255	255	255	255	255	
		255	255	255	255	255	255	255	255	
		255	255	255	255	255	255	255	255	
		255	255	255	255	255	255	255	255	
		255	255	255	255	255	255	255	255	
		255	255	255	255	255	255	255	255	

	Channel: 2

		255	255	255	255	255	255	255	255	
		255	255	255	255	255	255	255	255	
		255	255	255	255	255	255	255	255	
		255	255	255	255	255	255	255	255	
		255	255	255	255	255	255	255	255	
		255	255	255	255	255	255	255	255	
		255	255	255	255	255	255	255	255	
		255	255	255	255	255	255	255	255	

	Channel: 3

		255	255	255	255	255	255	255	255	
		255	255	255	255	255	255	255	255	
		255	255	255	255	255	255	255	255	
		255	255	255	255	255	255	255	255	
		255	255	255	255	255	255	255	255	
		255	255	255	255	255	255	255	255	
		255	255	255	255	255	255	255	255	
		255	255	255	255	255	255	255	255	

	Channel: 4

		255	255	255	255	255	255	255	255	
		255	255	255	255	255	255	255	255	
		255	255	255	255	255	255	255	255	
		255	255	255	255	255	255	255	255	
		255	255	255	255	255	255	255	255	
		255	255	255	255	255	255	255	255	
		255	255	255	255	255	255	255	255	
		255	255	255	255	255	255	255	255	

	Channel: 5

		255	255	255	255	255	255	255	255	
		255	255	255	255	255	255	255	255	
		255	255	255	255	255	255	255	255	
		255	255	255	255	255	255	255	255	
		255	255	255	255	255	255	255	255	
		255	255	255	255	255	255	255	255	
		255	255	255	255	255	255	255	255	
		255	255	255	255	255	255	255	255	

	Channel: 6

		255	255	255	255	255	255	255	255	
		255	255	255	255	255	255	255	255	
		255	255	255	255	255	255	255	255	
		255	255	255	255	255	255	255	255	
		255	255	255	255	255	255	255	255	
		255	255	255	255	255	255	255	255	
		255	255	255	255	255	255	255	255	
		255	255	255	255	255	255	255	255	

	Channel: 7

		255	255	255	255	255	255	255	255	
		255	255	255	255	255	255	255	255	
		255	255	255	255	255	255	255	255	
		255	255	255	255	255	255	255	255	
		255	255	255	255	255	255	255	255	
		255	255	255	255	255	255	255	255	
		255	255	255	255	255	255	255	255	
		255	255	255	255	255	255	255	255	

	Channel: 8

		255	255	255	255	255	255	255	255	
		255	255	255	255	255	255	255	255	
		255	255	255	255	255	255	255	255	
		255	255	255	255	255	255	255	255	
		255	255	255	255	255	255	255	255	
		255	255	255	255	255	255	255	255	
		255	255	255	255	255	255	255	255	
		255	255	255	255	255	255	255	255	

	Channel: 9

		255	255	255	255	255	255	255	255	
		255	255	255	255	255	255	255	255	
		255	255	255	255	255	255	255	255	
		255	255	255	255	255	255	255	255	
		255	255	255	255	255	255	255	255	
		255	255	255	255	255	255	255	255	
		255	255	255	255	255	255	255	255	
		255	255	255	255	255	255	255	255	

	Channel:10

		255	255	255	255	255	255	255	255	
		255	255	255	255	255	255	255	255	
		255	255	255	255	255	255	255	255	
		255	255	255	255	255	255	255	255	
		255	255	255	255	255	255	255	255	
		255	255	255	255	255	255	255	255	
		255	255	255	255	255	255	255	255	
		255	255	255	255	255	255	255	255	

	Channel:11

		255	255	255	255	255	255	255	255	
		255	255	255	255	255	255	255	255	
		255	255	255	255	255	255	255	255	
		255	255	255	255	255	255	255	255	
		255	255	255	255	255	255	255	255	
		255	255	255	255	255	255	255	255	
		255	255	255	255	255	255	255	255	
		255	255	255	255	255	255	255	255	

	Channel:12

		255	255	255	255	255	255	255	255	
		255	255	255	255	255	255	255	255	
		255	255	255	255	255	255	255	255	
		255	255	255	255	255	255	255	255	
		255	255	255	255	255	255	255	255	
		255	255	255	255	255	255	255	255	
		255	255	255	255	255	255	255	255	
		255	255	255	255	255	255	255	255	

	Channel:13

		255	255	255	255	255	255	255	255	
		255	255	255	255	255	255	255	255	
		255	255	255	255	255	255	255	255	
		255	255	255	255	255	255	255	255	
		255	255	255	255	255	255	255	255	
		255	255	255	255	255	255	255	255	
		255	255	255	255	255	255	255	255	
		255	255	255	255	255	255	255	255	

	Channel:14

		255	255	255	255	255	255	255	255	
		255	255	255	255	255	255	255	255	
		255	255	255	255	255	255	255	255	
		255	255	255	255	255	255	255	255	
		255	255	255	255	255	255	255	255	
		255	255	255	255	255	255	255	255	
		255	255	255	255	255	255	255	255	
		255	255	255	255	255	255	255	255	

	Channel:15

		255	255	255	255	255	255	255	255	
		255	255	255	255	255	255	255	255	
		255	255	255	255	255	255	255	255	
		255	255	255	255	255	255	255	255	
		255	255	255	255	255	255	255	255	
		255	255	255	255	255	255	255	255	
		255	255	255	255	255	255	255	255	
		255	255	255	255	255	255	255	255	

	Channel:16

		255	255	255	255	255	255	255	255	
		255	255	255	255	255	255	255	255	
		255	255	255	255	255	255	255	255	
		255	255	255	255	255	255	255	255	
		255	255	255	255	255	255	255	255	
		255	255	255	255	255	255	255	255	
		255	255	255	255	255	255	255	255	
		255	255	255	255	255	255	255	255	

	Channel:17

		255	255	255	255	255	255	255	255	
		255	255	255	255	255	255	255	255	
		255	255	255	255	255	255	255	255	
		255	255	255	255	255	255	255	255	
		255	255	255	255	255	255	255	255	
		255	255	255	255	255	255	255	255	
		255	255	255	255	255	255	255	255	
		255	255	255	255	255	255	255	255	

	Channel:18

		255	255	255	255	255	255	255	255	
		255	255	255	255	255	255	255	255	
		255	255	255	255	255	255	255	255	
		255	255	255	255	255	255	255	255	
		255	255	255	255	255	255	255	255	
		255	255	255	255	255	255	255	255	
		255	255	255	255	255	255	255	255	
		255	255	255	255	255	255	255	255	

	Channel:19

		255	255	255	255	255	255	255	255	
		255	255	255	255	255	255	255	255	
		255	255	255	255	255	255	255	255	
		255	255	255	255	255	255	255	255	
		255	255	255	255	255	255	255	255	
		255	255	255	255	255	255	255	255	
		255	255	255	255	255	255	255	255	
		255	255	255	255	255	255	255	255	

	Channel:20

		255	255	255	255	255	255	255	255	
		255	255	255	255	255	255	255	255	
		255	255	255	255	255	255	255	255	
		255	255	255	255	255	255	255	255	
		255	255	255	255	255	255	255	255	
		255	255	255	255	255	255	255	255	
		255	255	255	255	255	255	255	255	
		255	255	255	255	255	255	255	255	

	Channel:21

		255	255	255	255	255	255	255	255	
		255	255	255	255	255	255	255	255	
		255	255	255	255	255	255	255	255	
		255	255	255	255	255	255	255	255	
		255	255	255	255	255	255	255	255	
		255	255	255	255	255	255	255	255	
		255	255	255	255	255	255	255	255	
		255	255	255	255	255	255	255	255	

	Channel:22

		255	255	255	255	255	255	255	255	
		255	255	255	255	255	255	255	255	
		255	255	255	255	255	255	255	255	
		255	255	255	255	255	255	255	255	
		255	255	255	255	255	255	255	255	
		255	255	255	255	255	255	255	255	
		255	255	255	255	255	255	255	255	
		255	255	255	255	255	255	255	255	

	Channel:23

		255	255	255	255	255	255	255	255	
		255	255	255	255	255	255	255	255	
		255	255	255	255	255	255	255	255	
		255	255	255	255	255	255	255	255	
		255	255	255	255	255	255	255	255	
		255	255	255	255	255	255	255	255	
		255	255	255	255	255	255	255	255	
		255	255	255	255	255	255	255	255	

	Channel:24

		255	255	255	255	255	255	255	255	
		255	255	255	255	255	255	255	255	
		255	255	255	255	255	255	255	255	
		255	255	255	255	255	255	255	255	
		255	255	255	255	255	255	255	255	
		255	255	255	255	255	255	255	255	
		255	255	255	255	255	255	255	255	
		255	255	255	255	255	255	255	255	

	Channel:25

		255	255	255	255	255	255	255	255	
		255	255	255	255	255	255	255	255	
		255	255	255	255	255	255	255	255	
		255	255	255	255	255	255	255	255	
		255	255	255	255	255	255	255	255	
		255	255	255	255	255	255	255	255	
		255	255	255	255	255	255	255	255	
		255	255	255	255	255	255	255	255	

	Channel:26

		255	255	255	255	255	255	255	255	
		255	255	255	255	255	255	255	255	
		255	255	255	255	255	255	255	255	
		255	255	255	255	255	255	255	255	
		255	255	255	255	255	255	255	255	
		255	255	255	255	255	255	255	255	
		255	255	255	255	255	255	255	255	
		255	255	255	255	255	255	255	255	

	Channel:27

		255	255	255	255	255	255	255	255	
		255	255	255	255	255	255	255	255	
		255	255	255	255	255	255	255	255	
		255	255	255	255	255	255	255	255	
		255	255	255	255	255	255	255	255	
		255	255	255	255	255	255	255	255	
		255	255	255	255	255	255	255	255	
		255	255	255	255	255	255	255	255	

	Channel:28

		255	255	255	255	255	255	255	255	
		255	255	255	255	255	255	255	255	
		255	255	255	255	255	255	255	255	
		255	255	255	255	255	255	255	255	
		255	255	255	255	255	255	255	255	
		255	255	255	255	255	255	255	255	
		255	255	255	255	255	255	255	255	
		255	255	255	255	255	255	255	255	

	Channel:29

		255	255	255	255	255	255	255	255	
		255	255	255	255	255	255	255	255	
		255	255	255	255	255	255	255	255	
		255	255	255	255	255	255	255	255	
		255	255	255	255	255	255	255	255	
		255	255	255	255	255	255	255	255	
		255	255	255	255	255	255	255	255	
		255	255	255	255	255	255	255	255	

	Channel:30

		255	255	255	255	255	255	255	255	
		255	255	255	255	255	255	255	255	
		255	255	255	255	255	255	255	255	
		255	255	255	255	255	255	255	255	
		255	255	255	255	255	255	255	255	
		255	255	255	255	255	255	255	255	
		255	255	255	255	255	255	255	255	
		255	255	255	255	255	255	255	255	

	Channel:31

		255	255	255	255	255	255	255	255	
		255	255	255	255	255	255	255	255	
		255	255	255	255	255	255	255	255	
		255	255	255	255	255	255	255	255	
		255	255	255	255	255	255	255	255	
		255	255	255	255	255	255	255	255	
		255	255	255	255	255	255	255	255	
		255	255	255	255	255	255	255	255	

	Channel:32

		255	255	255	255	255	255	255	255	
		255	255	255	255	255	255	255	255	
		255	255	255	255	255	255	255	255	
		255	255	255	255	255	255	255	255	
		255	255	255	255	255	255	255	255	
		255	255	255	255	255	255	255	255	
		255	255	255	255	255	255	255	255	
		255	255	255	255	255	255	255	255	
PATTERN:  2

	Channel: 1

		255	  0	255	  0	255	  0	255	  0	
		  0	255	  0	255	  0	255	  0	255	
		255	  0	255	  0	255	  0	255	  0	
		  0	255	  0	255	  0	255	  0	255	
		255	  0	255	  0	255	  0	255	  0	
		  0	255	  0	255	  0	255	  0	255	
		255	  0	255	  0	255	  0	255	  0	
		  0	255	  0	255	  0	255	  0	255	

	Channel: 2

		  0	255	  0	255	  0	255	  0	255	
		255	  0	255	  0	255	  0	255	  0	
		  0	255	  0	255	  0	255	  0	255	
		255	  0	255	  0	255	  0	255	  0	
		  0	255	  0	255	  0	255	  0	255	
		255	  0	255	  0	255	  0	255	  0	
		  0	255	  0	255	  0	255	  0	255	
		255	  0	255	  0	255	  0	255	  0	

	Channel: 3

		255	  0	255	  0	255	  0	255	  0	
		  0	255	  0	255	  0	255	  0	255	
		255	  0	255	  0	255	  0	255	  0	
		  0	255	  0	255	  0	255	  0	255	
		255	  0	255	  0	255	  0	255	  0	
		  0	255	  0	255	  0	255	  0	255	
		255	  0	255	  0	255	  0	255	  0	
		  0	255	  0	255	  0	255	  0	255	

	Channel: 4

		  0	255	  0	255	  0	255	  0	255	
		255	  0	255	  0	255	  0	255	  0	
		  0	255	  0	255	  0	255	  0	255	
		255	  0	255	  0	255	  0	255	  0	
		  0	255	  0	255	  0	255	  0	255	
		255	  0	255	  0	255	  0	255	  0	
		  0	255	  0	255	  0	255	  0	255	
		255	  0	255	  0	255	  0	255	  0	

	Channel: 5

		255	  0	255	  0	255	  0	255	  0	
		  0	255	  0	255	  0	255	  0	255	
		255	  0	255	  0	255	  0	255	  0	
		  0	255	  0	255	  0	255	  0	255	
		255	  0	255	  0	255	  0	255	  0	
		  0	255	  0	255	  0	255	  0	255	
		255	  0	255	  0	255	  0	255	  0	
		  0	255	  0	255	  0	255	  0	255	

	Channel: 6

		  0	255	  0	255	  0	255	  0	255	
		255	  0	255	  0	255	  0	255	  0	
		  0	255	  0	255	  0	255	  0	255	
		255	  0	255	  0	255	  0	255	  0	
		  0	255	  0	255	  0	255	  0	255	
		255	  0	255	  0	255	  0	255	  0	
		  0	255	  0	255	  0	255	  0	255	
		255	  0	255	  0	255	  0	255	  0	

	Channel: 7

		255	  0	255	  0	255	  0	255	  0	
		  0	255	  0	255	  0	255	  0	255	
		255	  0	255	  0	255	  0	255	  0	
		  0	255	  0	255	  0	255	  0	255	
		255	  0	255	  0	255	  0	255	  0	
		  0	255	  0	255	  0	255	  0	255	
		255	  0	255	  0	255	  0	255	  0	
		  0	255	  0	255	  0	255	  0	255	

	Channel: 8

		  0	255	  0	255	  0	255	  0	255	
		255	  0	255	  0	255	  0	255	  0	
		  0	255	  0	255	  0	255	  0	255	
		255	  0	255	  0	255	  0	255	  0	
		  0	255	  0	255	  0	255	  0	255	
		255	  0	255	  0	255	  0	255	  0	
		  0	255	  0	255	  0	255	  0	255	
		255	  0	255	  0	255	  0	255	  0	

	Channel: 9

		255	  0	255	  0	255	  0	255	  0	
		  0	255	  0	255	  0	255	  0	255	
		255	  0	255	  0	255	  0	255	  0	
		  0	255	  0	255	  0	255	  0	255	
		255	  0	255	  0	255	  0	255	  0	
		  0	255	  0	255	  0	255	  0	255	
		255	  0	255	  0	255	  0	255	  0	
		  0	255	  0	255	  0	255	  0	255	

	Channel:10

		  0	255	  0	255	  0	255	  0	255	
		255	  0	255	  0	255	  0	255	  0	
		  0	255	  0	255	  0	255	  0	255	
		255	  0	255	  0	255	  0	255	  0	
		  0	255	  0	255	  0	255	  0	255	
		255	  0	255	  0	255	  0	255	  0	
		  0	255	  0	255	  0	255	  0	255	
		255	  0	255	  0	255	  0	255	  0	

	Channel:11

		255	  0	255	  0	255	  0	255	  0	
		  0	255	  0	255	  0	255	  0	255	
		255	  0	255	  0	255	  0	255	  0	
		  0	255	  0	255	  0	255	  0	255	
		255	  0	255	  0	255	  0	255	  0	
		  0	255	  0	255	  0	255	  0	255	
		255	  0	255	  0	255	  0	255	  0	
		  0	255	  0	255	  0	255	  0	255	

	Channel:12

		  0	255	  0	255	  0	255	  0	255	
		255	  0	255	  0	255	  0	255	  0	
		  0	255	  0	255	  0	255	  0	255	
		255	  0	255	  0	255	  0	255	  0	
		  0	255	  0	255	  0	255	  0	255	
		255	  0	255	  0	255	  0	255	  0	
		  0	255	  0	255	  0	255	  0	255	
		255	  0	255	  0	255	  0	255	  0	

	Channel:13

		255	  0	255	  0	255	  0	255	  0	
		  0	255	  0	255	  0	255	  0	255	
		255	  0	255	  0	255	  0	255	  0	
		  0	255	  0	255	  0	255	  0	255	
		255	  0	255	  0	255	  0	255	  0	
		  0	255	  0	255	  0	255	  0	255	
		255	  0	255	  0	255	  0	255	  0	
		  0	255	  0	255	  0	255	  0	255	

	Channel:14

		  0	255	  0	255	  0	255	  0	255	
		255	  0	255	  0	255	  0	255	  0	
		  0	255	  0	255	  0	255	  0	255	
		255	  0	255	  0	255	  0	255	  0	
		  0	255	  0	255	  0	255	  0	255	
		255	  0	255	  0	255	  0	255	  0	
		  0	255	  0	255	  0	255	  0	255	
		255	  0	255	  0	255	  0	255	  0	

	Channel:15

		255	  0	255	  0	255	  0	255	  0	
		  0	255	  0	255	  0	255	  0	255	
		255	  0	255	  0	255	  0	255	  0	
		  0	255	  0	255	  0	255	  0	255	
		255	  0	255	  0	255	  0	255	  0	
		  0	255	  0	255	  0	255	  0	255	
		255	  0	255	  0	255	  0	255	  0	
		  0	255	  0	255	  0	255	  0	255	

	Channel:16

		  0	255	  0	255	  0	255	  0	255	
		255	  0	255	  0	255	  0	255	  0	
		  0	255	  0	255	  0	255	  0	255	
		255	  0	255	  0	255	  0	255	  0	
		  0	255	  0	255	  0	255	  0	255	
		255	  0	255	  0	255	  0	255	  0	
		  0	255	  0	255	  0	255	  0	255	
		255	  0	255	  0	255	  0	255	  0	

	Channel:17

		255	  0	255	  0	255	  0	255	  0	
		  0	255	  0	255	  0	255	  0	255	
		255	  0	255	  0	255	  0	255	  0	
		  0	255	  0	255	  0	255	  0	255	
		255	  0	255	  0	255	  0	255	  0	
		  0	255	  0	255	  0	255	  0	255	
		255	  0	255	  0	255	  0	255	  0	
		  0	255	  0	255	  0	255	  0	255	

	Channel:18

		  0	255	  0	255	  0	255	  0	255	
		255	  0	255	  0	255	  0	255	  0	
		  0	255	  0	255	  0	255	  0	255	
		255	  0	255	  0	255	  0	255	  0	
		  0	255	  0	255	  0	255	  0	255	
		255	  0	255	  0	255	  0	255	  0	
		  0	255	  0	255	  0	255	  0	255	
		255	  0	255	  0	255	  0	255	  0	

	Channel:19

		255	  0	255	  0	255	  0	255	  0	
		  0	255	  0	255	  0	255	  0	255	
		255	  0	255	  0	255	  0	255	  0	
		  0	255	  0	255	  0	255	  0	255	
		255	  0	255	  0	255	  0	255	  0	
		  0	255	  0	255	  0	255	  0	255	
		255	  0	255	  0	255	  0	255	  0	
		  0	255	  0	255	  0	255	  0	255	

	Channel:20

		  0	255	  0	255	  0	255	  0	255	
		255	  0	255	  0	255	  0	255	  0	
		  0	255	  0	255	  0	255	  0	255	
		255	  0	255	  0	255	  0	255	  0	
		  0	255	  0	255	  0	255	  0	255	
		255	  0	255	  0	255	  0	255	  0	
		  0	255	  0	255	  0	255	  0	255	
		255	  0	255	  0	255	  0	255	  0	

	Channel:21

		255	  0	255	  0	255	  0	255	  0	
		  0	255	  0	255	  0	255	  0	255	
		255	  0	255	  0	255	  0	255	  0	
		  0	255	  0	255	  0	255	  0	255	
		255	  0	255	  0	255	  0	255	  0	
		  0	255	  0	255	  0	255	  0	255	
		255	  0	255	  0	255	  0	255	  0	
		  0	255	  0	255	  0	255	  0	255	

	Channel:22

		  0	255	  0	255	  0	255	  0	255	
		255	  0	255	  0	255	  0	255	  0	
		  0	255	  0	255	  0	255	  0	255	
		255	  0	255	  0	255	  0	255	  0	
		  0	255	  0	255	  0	255	  0	255	
		255	  0	255	  0	255	  0	255	  0	
		  0	255	  0	255	  0	255	  0	255	
		255	  0	255	  0	255	  0	255	  0	

	Channel:23

		255	  0	255	  0	255	  0	255	  0	
		  0	255	  0	255	  0	255	  0	255	
		255	  0	255	  0	255	  0	255	  0	
		  0	255	  0	255	  0	255	  0	255	
		255	  0	255	  0	255	  0	255	  0	
		  0	255	  0	255	  0	255	  0	255	
		255	  0	255	  0	255	  0	255	  0	
		  0	255	  0	255	  0	255	  0	255	

	Channel:24

		  0	255	  0	255	  0	255	  0	255	
		255	  0	255	  0	255	  0	255	  0	
		  0	255	  0	255	  0	255	  0	255	
		255	  0	255	  0	255	  0	255	  0	
		  0	255	  0	255	  0	255	  0	255	
		255	  0	255	  0	255	  0	255	  0	
		  0	255	  0	255	  0	255	  0	255	
		255	  0	255	  0	255	  0	255	  0	

	Channel:25

		255	  0	255	  0	255	  0	255	  0	
		  0	255	  0	255	  0	255	  0	255	
		255	  0	255	  0	255	  0	255	  0	
		  0	255	  0	255	  0	255	  0	255	
		255	  0	255	  0	255	  0	255	  0	
		  0	255	  0	255	  0	255	  0	255	
		255	  0	255	  0	255	  0	255	  0	
		  0	255	  0	255	  0	255	  0	255	

	Channel:26

		  0	255	  0	255	  0	255	  0	255	
		255	  0	255	  0	255	  0	255	  0	
		  0	255	  0	255	  0	255	  0	255	
		255	  0	255	  0	255	  0	255	  0	
		  0	255	  0	255	  0	255	  0	255	
		255	  0	255	  0	255	  0	255	  0	
		  0	255	  0	255	  0	255	  0	255	
		255	  0	255	  0	255	  0	255	  0	

	Channel:27

		255	  0	255	  0	255	  0	255	  0	
		  0	255	  0	255	  0	255	  0	255	
		255	  0	255	  0	255	  0	255	  0	
		  0	255	  0	255	  0	255	  0	255	
		255	  0	255	  0	255	  0	255	  0	
		  0	255	  0	255	  0	255	  0	255	
		255	  0	255	  0	255	  0	255	  0	
		  0	255	  0	255	  0	255	  0	255	

	Channel:28

		  0	255	  0	255	  0	255	  0	255	
		255	  0	255	  0	255	  0	255	  0	
		  0	255	  0	255	  0	255	  0	255	
		255	  0	255	  0	255	  0	255	  0	
		  0	255	  0	255	  0	255	  0	255	
		255	  0	255	  0	255	  0	255	  0	
		  0	255	  0	255	  0	255	  0	255	
		255	  0	255	  0	255	  0	255	  0	

	Channel:29

		255	  0	255	  0	255	  0	255	  0	
		  0	255	  0	255	  0	255	  0	255	
		255	  0	255	  0	255	  0	255	  0	
		  0	255	  0	255	  0	255	  0	255	
		255	  0	255	  0	255	  0	255	  0	
		  0	255	  0	255	  0	255	  0	255	
		255	  0	255	  0	255	  0	255	  0	
		  0	255	  0	255	  0	255	  0	255	

	Channel:30

		  0	255	  0	255	  0	255	  0	255	
		255	  0	255	  0	255	  0	255	  0	
		  0	255	  0	255	  0	255	  0	255	
		255	  0	255	  0	255	  0	255	  0	
		  0	255	  0	255	  0	255	  0	255	
		255	  0	255	  0	255	  0	255	  0	
		  0	255	  0	255	  0	255	  0	255	
		255	  0	255	  0	255	  0	255	  0	

	Channel:31

		255	  0	255	  0	255	  0	255	  0	
		  0	255	  0	255	  0	255	  0	255	
		255	  0	255	  0	255	  0	255	  0	
		  0	255	  0	255	  0	255	  0	255	
		255	  0	255	  0	255	  0	255	  0	
		  0	255	  0	255	  0	255	  0	255	
		255	  0	255	  0	255	  0	255	  0	
		  0	255	  0	255	  0	255	  0	255	

	Channel:32

		  0	255	  0	255	  0	255	  0	255	
		255	  0	255	  0	255	  0	255	  0	
		  0	255	  0	255	  0	255	  0	255	
		255	  0	255	  0	255	  0	255	  0	
		  0	255	  0	255	  0	255	  0	255	
		255	  0	255	  0	255	  0	255	  0	
		  0	255	  0	255	  0	255	  0	255	
		255	  0	255	  0	255	  0	255	  0	
