PATTERN:  0

	Channel: 1

		217	232	180	241	188	163	 35	  1	
		129	199	 41	231	 46	228	108	189	
		  2	193	  0	154	109	 15	195	253	
		235	103	143	237	 25	 44	134	 32	
		105	179	139	 29	 77	106	193	 92	
		187	144	141	 87	199	189	 43	 48	
		 38	149	177	  9	137	228	172	182	
		208	 88	237	137	196	  6	158	 45	

	Channel: 2

		252	149	172	 63	239	  0	170	 56	
		  4	 48	175	130	237	228	185	 52	
		 10	128	178	189	150	116	 85	159	
		205	 13	204	 65	 26	148	133	185	
		220	 14	169	216	 93	 80	 69	213	
		144	 85	133	137	 70	254	183	  4	
		193	161	 84	232	 68	251	199	 51	
		132	228	239	 89	 57	246	 20	120	

	Channel: 3

		 96	 78	 19	247	 95	226	105	 64	
		 87	247	227	148	 41	 53	163	184	
		 16	238	143	 25	 99	122	219	177	
		194	 96	 49	 42	204	 28	195	197	
		103	158	 56	 26	102	 33	249	191	
		172	144	180	 37	193	 16	200	 81	
		141	212	152	171	 75	 20	239	130	
		 13	245	150	163	163	160	189	197	

	Channel: 4

		146	 33	  9	 63	199	  3	174	 98	
		244	140	 69	 93	168	 24	182	154	
		 43	248	 58	102	135	 84	117	143	
		232	113	 91	237	211	 78	235	216	
		192	151	 34	126	246	  4	253	 72	
		 73	 28	255	155	 80	 41	238	169	
		160	 51	131	  1	204	113	118	154	
		118	 41	 99	150	 73	196	231	168	

	Channel: 5

		 79	  7	221	  8	 58	  7	 96	117	
		 84	181	 90	200	 91	163	 37	  3	
		 48	231	161	 83	 92	 15	 19	  1	
		 25	221	221	209	 68	 43	117	 42	
		 73	 30	  5	 44	 86	175	 94	 93	
		 90	244	 19	173	 22	141	211	183	
		137	112	 96	224	115	  1	137	 40	
		253	224	 38	193	116	 73	209	 71	

	Channel: 6

		165	172	 18	155	249	195	 41	196	
		 73	 64	 40	  3	213	242	 29	144	
		 82	243	 12	 88	 87	 85	102	 99	
		 39	159	174	136	157	 99	212	125	
		 99	 52	200	160	 77	 38	 47	227	
		229	 28	206	114	 22	 85	128	231	
		227	144	 67	207	133	141	 32	127	
		100	 70	229	 37	211	140	221	135	

	Channel: 7

		232	 50	 10	202	201	211	239	 22	
		148	220	213	168	218	 67	 61	 79	
		198	 32	 94	139	124	173	 53	 59	
		169	165	169	 98	223	203	 69	232	
		120	111	229	210	 85	174	198	239	
		 56	156	 70	152	 52	166	 84	  8	
		154	188	255	200	126	 60	154	151	
		 47	 77	213	252	  7	122	 47	 11	

	Channel: 8

		108	229	185	243	245	 24	185	 84	
		133	 94	172	215	238	143	 88	233	
		215	 86	233	239	 93	 11	  8	147	
		160	158	210	249	 88	193	215	 73	
		 65	 22	140	 95	177	168	197	 68	
		231	 96	  3	 82	183	153	130	227	
		196	 47	 24	200	204	 58	180	 93	
		144	207	131	 54	151	182	202	 38	

	Channel: 9

		242	144	176	195	170	176	162	 27	
		166	162	165	 46	223	  4	106	 41	
		251	127	159	177	 88	131	147	 76	
		 49	 15	244	234	  6	 84	245	108	
		212	131	 45	 41	231	 86	157	135	
		126	 13	121	109	120	244	 38	 70	
		151	215	215	 10	233	192	214	211	
		 11	152	127	 57	 83	 85	185	202	

	Channel:10

		 70	100	154	150	 91	 17	 11	153	
		157	100	 50	 25	236	180	204	 64	
		 25	 52	105	105	128	238	252	167	
		171	185	218	236	205	 27	111	 15	
		 88	209	109	 14	 89	166	 88	240	
		171	237	236	 98	117	 37	 12	 23	
		 75	131	 95	 61	243	177	 57	 85	
		174	 49	178	 58	 34	160	148	166	

	Channel:11

		129	208	  2	130	 58	 74	 64	 52	
		135	201	 32	201	 86	115	 26	241	
		 97	 31	195	133	141	 61	139	131	
		196	 40	215	158	190	 67	113	 70	
		 72	106	191	142	105	228	177	 58	
		166	175	241	187	129	150	194	243	
		236	168	235	 16	 33	240	102	176	
		 84	174	 57	126	 54	158	145	181	

	Channel:12

		168	231	133	 26	  9	 20	212	108	
		199	179	196	 60	 67	 44	 88	 56	
		148	218	 86	248	 48	184	199	127	
		128	 96	160	178	115	 22	181	 10	
		224	162	 83	168	196	234	151	144	
		100	  8	 79	 83	160	109	 96	 12	
		 62	235	165	  5	 80	 20	100	223	
		 72	120	111	146	 74	146	109	220	

	Channel:13

		 86	 59	 33	 31	205	191	122	160	
		249	193	 99	194	171	255	225	 28	
		244	 57	215	148	120	 69	199	 54	
		253	114	 54	159	241	238	  4	  9	
		 40	 66	239	125	151	178	197	113	
		  0	 88	248	 56	 58	 24	175	 83	
		 63	231	 96	 36	175	 62	222	 73	
		 88	  3	252	162	 82	239	148	127	

	Channel:14

		 46	255	150	190	228	111	 31	 74	
		239	 80	 39	 51	 64	140	161	213	
		240	207	114	  9	 73	252	 94	146	
		151	118	137	 48	 32	176	 81	 18	
		  0	150	118	147	135	248	203	 68	
		231	122	213	160	210	 24	 77	 43	
		174	141	255	 93	 76	229	155	143	
		 18	 44	248	162	201	 14	118	 51	

	Channel:15

		126	245	151	249	254	 11	209	172	
		186	 84	168	188	 88	167	 27	155	
		244	230	 89	192	 74	199	  1	112	
		195	  0	 13	  8	 47	220	 70	246	
		 20	123	 12	 30	190	201	241	210	
		240	 37	 14	 66	183	110	172	  2	
		249	 80	 18	228	 48	 89	 98	 36	
		155	 43	  4	248	111	 14	219	123	

	Channel:16

		148	 10	 75	 55	  0	129	228	250	
		 75	108	231	250	119	 47	215	 80	
		112	 19	 20	 97	210	 38	174	146	
		101	 80	201	162	223	232	 43	156	
		 35	242	 44	 11	 77	254	 60	230	
		243	218	184	 59	 60	 99	111	101	
		 92	 44	 59	223	212	211	  6	177	
		214	137	 53	117	112	244	 68	 52	

	Channel:17

		 16	178	 10	121	146	148	 24	154	
		159	162	 84	 41	115	 76	185	 50	
		176	246	181	 40	 73	182	233	168	
		 75	 51	220	 68	192	 92	 22	178	
		146	153	128	193	 24	183	133	117	
		 80	 21	254	155	 27	254	141	 40	
		207	139	109	247	188	 21	175	107	
		 93	216	 68	197	 90	119	 76	152	

	Channel:18

		 82	 12	115	 36	196	232	240	167	
		212	106	101	167	 34	115	 10	145	
		 31	185	246	 55	 16	191	 41	  0	
		 64	 35	  2	 30	172	 47	112	166	
		240	161	102	 11	123	 21	 83	 81	
		167	 63	124	 42	126	 52	 23	 68	
		192	215	158	130	 80	143	207	117	
		207	214	 17	222	 82	169	102	159	

	Channel:19

		205	 99	 55	 68	 70	183	 25	 49	
		143	 16	122	108	 35	172	206	205	
		  6	255	232	204	 42	 91	168	 50	
		203	169	 49	238	126	 23	115	105	
		 69	 58	114	120	 22	  2	136	 60	
		210	 23	158	 78	237	 95	134	 69	
		176	 61	152	112	 38	201	161	  2	
		154	231	170	 78	 41	114	165	237	

	Channel:20

		133	171	244	179	 32	 86	167	 43	
		118	203	184	 66	118	213	 94	 77	
		134	 69	 34	  7	190	 98	 96	190	
		 86	 72	218	242	172	 20	112	148	
		 85	183	238	255	223	221	132	179	
		253	 47	144	199	194	111	 76	205	
		121	213	102	253	157	 44	122	218	
		191	 43	113	124	 70	  1	  1	 30	

	Channel:21

		168	 55	182	242	 67	 90	235	172	
		192	 19	 66	105	225	102	 75	 28	
		179	251	 29	  2	 26	153	139	 51	
		154	 52	140	 79	210	233	200	135	
		  9	251	 56	 39	109	 34	 83	160	
		 49	156	 79	254	235	 10	 24	 95	
		 84	 63	249	115	135	102	113	155	
		164	132	 79	139	222	152	  7	216	

	Channel:22

		179	 76	 53	212	152	255	 83	 92	
		100	  5	246	100	252	 33	202	143	
		146	 45	106	 24	195	 75	139	237	
		 63	220	 58	 67	 47	122	 59	 66	
		186	167	209	202	132	 33	175	213	
		 87	219	 92	239	163	 58	 12	 44	
		 20	 69	128	145	222	 46	146	225	
		 77	229	191	240	153	172	254	 71	

	Channel:23

		217	234	125	 48	150	 64	186	239	
		206	 25	 88	 12	240	110	 73	109	
		 48	 34	198	140	229	110	 60	154	
		250	219	 73	  2	155	224	 35	248	
		 64	  4	211	212	202	 17	 56	 93	
		199	186	 44	232	214	 87	209	170	
		207	209	221	180	143	 45	 96	 80	
		127	 29	237	 62	  0	 62	170	226	

	Channel:24

		 75	246	111	227	175	 32	176	119	
		 75	200	220	 72	245	189	133	186	
		232	172	  2	200	252	100	 19	157	
		126	215	254	 43	136	100	104	230	
		 53	107	 70	187	231	154	110	 64	
		  6	180	  8	 63	122	  6	168	 56	
		 43	123	 38	 20	227	 99	 55	 60	
		 77	210	122	218	  6	 14	 20	207	

	Channel:25

		179	 86	 53	240	 83	121	142	 82	
		224	 39	184	  0	 23	166	 65	110	
		182	106	179	112	 10	170	 19	195	
		169	141	117	  2	194	 58	150	255	
		112	  7	 43	 60	 83	206	172	 67	
		144	221	203	180	133	128	150	202	
		253	228	227	177	243	111	136	 34	
		245	127	 36	 67	171	181	120	  9	

	Channel:26

		116	152	  4	155	138	 81	151	205	
		144	129	214	238	 56	190	146	104	
		 59	198	 29	162	231	 73	157	212	
		 37	175	215	 12	 95	 31	143	248	
		173	 81	 86	178	 20	131	 71	108	
		 90	213	109	 65	  7	 99	 38	 13	
		130	169	203	176	160	250	187	201	
		177	150	 36	 92	239	 74	 10	161	

	Channel:27

		130	206	201	204	174	171	231	168	
		145	 12	137	 34	222	 47	 90	162	
		 79	103	189	 60	127	 74	 25	134	
		191	247	189	 32	 73	 14	203	 48	
		 86	106	113	136	 46	 11	119	131	
		226	 84	217	 14	246	 71	175	191	
		 85	162	126	119	193	 43	174	107	
		203	219	242	251	243	173	107	188	

	Channel:28

		175	 93	126	 25	160	223	 80	212	
		244	107	191	150	  7	 52	164	 45	
		 78	118	 79	149	164	 24	143	243	
		 87	 80	  1	133	214	 48	169	 51	
		 99	 57	157	116	101	170	 31	 55	
		  6	 29	 91	247	111	187	172	  2	
		162	 34	166	 46	 21	161	174	 76	
		144	242	216	143	148	119	238	 70	

	Channel:29

		150	192	205	 26	 19	 60	194	  4	
		101	  3	 91	248	155	 52	 63	 47	
		 47	 36	  6	189	 59	  9	173	  6	
		100	  7	 55	  3	 36	169	194	239	
		 39	207	181	173	135	129	150	124	
		213	 12	140	124	238	124	210	203	
		 38	170	222	  8	157	220	237	116	
		173	116	189	 29	176	247	163	126	

	Channel:30

		108	198	116	151	117	145	114	131	
		228	210	128	189	141	167	164	172	
		223	206	138	 95	 10	162	166	170	
		162	 64	 88	116	205	187	173	 20	
		 74	204	 74	130	171	227	 15	 57	
		 74	161	180	237	 51	170	 57	 72	
		 62	 59	239	115	  3	 30	 43	233	
		180	 97	152	163	195	182	237	 58	

	Channel:31

		 63	235	 80	 48	140	228	238	 42	
		173	 23	 47	126	183	213	 23	 29	
		166	141	250	143	 51	198	189	 69	
		180	238	182	212	164	201	 14	 80	
		214	 51	211	 51	  0	 95	193	155	
		186	134	174	135	131	 38	118	173	
		  4	 32	176	206	145	 90	 11	252	
		149	191	135	 90	  1	165	215	254	

	Channel:32

		193	 46	149	 96	198	161	 85	131	
		 70	 51	 41	 37	155	150	 60	221	
		244	184	135	 81	  4	 58	139	251	
		105	113	118	 71	179	200	 27	 83	
		 55	216	 97	209	  4	 73	 35	 56	
		161	 99	 23	 87	175	236	 24	132	
		  3	214	 66	223	224	 76	 79	 90	
		 11	191	 85	 68	110	137	208	220	
