3
201
2016
0
8
9
10
1
8
9
10
1
8
6
7
9
10
1
8
9
10
1
8
9
10
1
8
9
10
1
8
9
10
4
8
9
10
2
8
9
10
2
8
9
10
2
8
9
10
2
8
9
10
2
8
9
10
2
8
9
10
4
8
9
10
1
8
9
10
1
8
9
10
1
8
9
10
1
8
9
10
1
8
9
10
1
8
9
10
4
8
9
10
2
8
9
10
2
8
9
10
2
8
9
10
2
8
9
10
2
8
9
10
2
8
9
10
4
8
9
10
1
8
9
10
1
8
9
10
1
5
8
9
10
1
8
9
10
1
8
9
10
1
8
9
10
4
8
9
10
2
8
9
10
2
8
9
5
10
2
8
9
10
2
8
9
10
2
5
7
8
9
10
2
8
9
10
4
8
9
10
1
8
9
10
1
6
8
9
10
1
8
6
9
10
1
8
9
10
1
8
9
10
1
7
201
2016
0
8
9
10
1
8
9
10
1
8
9
10
1
8
9
10
1
8
9
10
1
8
9
10
1
8
9
10
4
8
9
10
2
8
9
6
7
10
2
8
9
10
2
8
9
10
2
8
9
10
2
8
9
10
2
8
9
10
4
8
9
10
1
8
9
10
1
8
9
10
1
8
9
10
1
8
9
10
5
1
8
9
10
1
8
9
10
4
8
9
10
2
8
9
10
2
8
9
10
2
8
9
10
2
8
9
10
2
8
9
10
2
8
9
10
4
8
9
10
1
8
9
10
1
8
9
10
1
5
8
9
10
1
8
5
7
9
10
1
8
9
10
1
8
9
10
4
8
6
9
10
6
2
8
9
10
2
8
9
10
2
8
9
10
2
8
9
10
2
8
9
10
2
8
9
10
4
8
9
10
1
8
9
10
1
8
9
10
1
8
9
10
1
8
9
10
1
8
9
10
1
7
201
2016
0
8
9
10
1
8
9
10
1
6
7
8
9
10
5
1
8
9
10
1
8
9
10
1
8
5
9
10
1
8
9
10
4
8
9
10
2
8
9
10
2
8
9
10
2
8
9
10
2
8
9
10
2
8
9
10
2
8
9
5
7
10
4
8
9
10
1
8
9
10
1
8
9
10
1
8
9
10
1
8
9
10
1
8
9
10
1
8
9
10
4
8
9
10
2
8
9
10
2
8
9
10
2
8
9
10
2
8
9
10
2
8
9
10
2
8
9
10
4
8
9
10
1
8
9
10
1
8
9
10
1
8
9
10
1
8
9
10
1
8
9
6
10
1
8
9
10
4
8
9
10
2
8
9
10
2
8
9
10
2
8
9
10
2
6
8
9
10
2
8
9
10
2
8
9
10
4
8
9
10
1
8
9
10
1
8
9
10
1
8
9
10
1
8
9
10
1
8
9
10
1
7
